110010101000111101
11001100100011110111100111101
110011110111110011110111111110110001101101010111100011100110110011010011100111101011011
10101011010001110001111100011011000010011101101
1010100111010001001010010000001101101010111100011100110110011010011100111101011011
01110010111111100111011010000010000011101
110001110011011001010011101101
1011111111111110011100011101101
0101100011110111100011101
0101110001110101001010010111111100001101
0101110001110101001010010111111100011101
010111000111011001011101010011111100111011010011101101
100000111110111010011100000111101
111100011101
01000001100001110100111101101
11111110111101
11111110110001101
10100111111011101101
